%YAML:1.0
---
calibration_time: "Sun 21 Apr 2019 04:50:53 AM BST"
nframes: 4
image_width: 2592
image_height: 1944
board_width: 9
board_height: 6
square_size: 1.
flags: 0
camera_matrix: !!opencv-matrix
   rows: 3
   cols: 3
   dt: d
   data: [ 1.6617219330933481e+03, 0., 1.4994161001578229e+03, 0.,
       1.6666414167905502e+03, 1.0041290851183712e+03, 0., 0., 1. ]
distortion_coefficients: !!opencv-matrix
   rows: 5
   cols: 1
   dt: d
   data: [ -1.1690576268334059e-01, 1.1326088400927505e-02,
       -2.6624289065803226e-03, -1.9774997900030882e-02, 0. ]
avg_reprojection_error: 8.4241456152018035e-01
per_view_reprojection_errors: !!opencv-matrix
   rows: 4
   cols: 1
   dt: f
   data: [ 8.17548215e-01, 8.33050370e-01, 8.66775751e-01,
       8.51464033e-01 ]
extrinsic_parameters: !!opencv-matrix
   rows: 4
   cols: 6
   dt: d
   data: [ 4.1366485950082299e-03, 5.4022564315583787e-03,
       -3.1023846984683536e+00, 7.1558213595409059e-01,
       3.4127070441817562e+00, 8.9864163677432387e+00,
       2.6018380408602206e-03, 7.5300525937476393e-03,
       -3.1028567351035496e+00, 7.0362068244491804e-01,
       4.1572841264280216e+00, 8.9852480534402250e+00,
       3.8308765132429624e-03, 1.5499112008740459e-03,
       -3.1018763076403055e+00, 7.2858497802770117e-01,
       2.3437502965642723e+00, 8.9780558676489886e+00,
       4.8479034536007192e-03, 9.4122103500978698e-03,
       -3.0896182161969010e+00, 7.4327823227839929e-01,
       4.2489097758525505e+00, 9.0024855520031526e+00 ]
image_points: !!opencv-matrix
   rows: 4
   cols: 54
   dt: "2f"
   data: [ 1.62327148e+03, 1.62267773e+03, 1.44390662e+03,
       1.61921912e+03, 1.26003516e+03, 1.61396765e+03, 1.07798633e+03,
       1.60644336e+03, 8.94518311e+02, 1.59701440e+03, 7.13220581e+02,
       1.58634497e+03, 5.37433777e+02, 1.57397461e+03, 3.64360565e+02,
       1.56002258e+03, 1.97494293e+02, 1.54597144e+03, 1.63348254e+03,
       1.44488586e+03, 1.45261462e+03, 1.44044885e+03, 1.26737183e+03,
       1.43399158e+03, 1.08308533e+03, 1.42679395e+03, 8.98309265e+02,
       1.41767969e+03, 7.15297180e+02, 1.40831348e+03, 5.38115173e+02,
       1.39687146e+03, 3.63614899e+02, 1.38532068e+03, 1.95568787e+02,
       1.37255469e+03, 1.64295300e+03, 1.26501953e+03, 1.46109473e+03,
       1.25939221e+03, 1.27444568e+03, 1.25259912e+03, 1.08926257e+03,
       1.24471082e+03, 9.02883362e+02, 1.23676233e+03, 7.18965027e+02,
       1.22765869e+03, 5.40638184e+02, 1.21827063e+03, 3.65699677e+02,
       1.20806104e+03, 1.96473434e+02, 1.19829126e+03, 1.65173169e+03,
       1.07990088e+03, 1.46921594e+03, 1.07360291e+03, 1.28201343e+03,
       1.06633252e+03, 1.09615942e+03, 1.05905798e+03, 9.09303040e+02,
       1.05118640e+03, 7.24265076e+02, 1.04364380e+03, 5.45563171e+02,
       1.03532617e+03, 3.69614990e+02, 1.02739136e+03, 2.00372208e+02,
       1.01914624e+03, 1.65911047e+03, 8.96353943e+02, 1.47635132e+03,
       8.88251526e+02, 1.28935706e+03, 8.81155640e+02, 1.10311279e+03,
       8.73556763e+02, 9.16170227e+02, 8.66323669e+02, 7.31317688e+02,
       8.59664124e+02, 5.52401733e+02, 8.53301514e+02, 3.76116486e+02,
       8.46800537e+02, 2.07118896e+02, 8.41493103e+02, 1.66524976e+03,
       7.11007019e+02, 1.48311230e+03, 7.02509277e+02, 1.29634460e+03,
       6.94440918e+02, 1.11070508e+03, 6.87125854e+02, 9.24452393e+02,
       6.80401550e+02, 7.39555115e+02, 6.75260803e+02, 5.61040710e+02,
       6.69761292e+02, 3.85700653e+02, 6.65639038e+02, 2.16528992e+02,
       6.62286560e+02, 1.61791895e+03, 1.75146692e+03, 1.44010010e+03,
       1.74874268e+03, 1.25780676e+03, 1.74432214e+03, 1.07732166e+03,
       1.73639502e+03, 8.95498169e+02, 1.72696716e+03, 7.15505554e+02,
       1.71555518e+03, 5.40910645e+02, 1.70263892e+03, 3.69256683e+02,
       1.68762732e+03, 2.03487427e+02, 1.67230042e+03, 1.62878711e+03,
       1.57743054e+03, 1.44912598e+03, 1.57385266e+03, 1.26510437e+03,
       1.56805090e+03, 1.08175195e+03, 1.56090271e+03, 8.98293335e+02,
       1.55142712e+03, 7.16353088e+02, 1.54134302e+03, 5.40271484e+02,
       1.52932764e+03, 3.66604675e+02, 1.51639282e+03, 1.99357834e+02,
       1.50221387e+03, 1.63884509e+03, 1.40046216e+03, 1.45767285e+03,
       1.39563464e+03, 1.27183362e+03, 1.38939746e+03, 1.08751184e+03,
       1.38155676e+03, 9.02178040e+02, 1.37339258e+03, 7.18846375e+02,
       1.36351892e+03, 5.41063599e+02, 1.35308557e+03, 3.66837677e+02,
       1.34154749e+03, 1.98238876e+02, 1.33020117e+03, 1.64814355e+03,
       1.21737109e+03, 1.46582996e+03, 1.21160449e+03, 1.27930884e+03,
       1.20488660e+03, 1.09385999e+03, 1.19758557e+03, 9.07487854e+02,
       1.18936890e+03, 7.22748352e+02, 1.18126697e+03, 5.44378601e+02,
       1.17169727e+03, 3.68879913e+02, 1.16239648e+03, 1.99948669e+02,
       1.15226501e+03, 1.65645947e+03, 1.03411682e+03, 1.47347437e+03,
       1.02675818e+03, 1.28667456e+03, 1.02016742e+03, 1.10038916e+03,
       1.01258380e+03, 9.13318237e+02, 1.00505273e+03, 7.28538330e+02,
       9.97535522e+02, 5.49713928e+02, 9.90294373e+02, 3.73585602e+02,
       9.82221985e+02, 2.04475327e+02, 9.74952087e+02, 1.66333142e+03,
       8.48049438e+02, 1.48081409e+03, 8.40383118e+02, 1.29358118e+03,
       8.32645874e+02, 1.10761951e+03, 8.25419861e+02, 9.20806213e+02,
       8.18367126e+02, 7.35704834e+02, 8.12345215e+02, 5.56720886e+02,
       8.06009399e+02, 3.80985901e+02, 8.00286377e+02, 2.11479401e+02,
       7.95353821e+02, 1.62884851e+03, 1.43321631e+03, 1.44762109e+03,
       1.42836658e+03, 1.26218140e+03, 1.42242102e+03, 1.07830603e+03,
       1.41488770e+03, 8.93421997e+02, 1.40566431e+03, 7.10456604e+02,
       1.39577844e+03, 5.33200623e+02, 1.38478638e+03, 3.58973267e+02,
       1.37249536e+03, 1.91095154e+02, 1.36051990e+03, 1.63827234e+03,
       1.25113330e+03, 1.45633374e+03, 1.24524500e+03, 1.26982300e+03,
       1.23816650e+03, 1.08439038e+03, 1.23104041e+03, 8.98256104e+02,
       1.22237280e+03, 7.14285278e+02, 1.21369910e+03, 5.36174805e+02,
       1.20404834e+03, 3.60882629e+02, 1.19407361e+03, 1.92145218e+02,
       1.18368250e+03, 1.64692798e+03, 1.06854614e+03, 1.46419458e+03,
       1.06161206e+03, 1.27689563e+03, 1.05430896e+03, 1.09117944e+03,
       1.04644409e+03, 9.04398743e+02, 1.03879211e+03, 7.19830383e+02,
       1.03071899e+03, 5.40843994e+02, 1.02268573e+03, 3.65544678e+02,
       1.01451910e+03, 1.96192505e+02, 1.00720081e+03, 1.65446350e+03,
       8.82483337e+02, 1.47170239e+03, 8.74843323e+02, 1.28461987e+03,
       8.66937744e+02, 1.09871570e+03, 8.59616943e+02, 9.11966309e+02,
       8.52300171e+02, 7.26959839e+02, 8.45904541e+02, 5.48099731e+02,
       8.39106384e+02, 3.72494873e+02, 8.33218872e+02, 2.03276306e+02,
       8.27247864e+02, 1.66067029e+03, 6.99377869e+02, 1.47852271e+03,
       6.90333374e+02, 1.29204871e+03, 6.82600098e+02, 1.10635535e+03,
       6.75207764e+02, 9.19784119e+02, 6.68375427e+02, 7.35704468e+02,
       6.62709473e+02, 5.57428406e+02, 6.57931091e+02, 3.81861420e+02,
       6.53665344e+02, 2.13003372e+02, 6.50604065e+02, 1.66593848e+03,
       5.16385620e+02, 1.48472314e+03, 5.07024323e+02, 1.29913281e+03,
       4.98375244e+02, 1.11459399e+03, 4.91240234e+02, 9.29330444e+02,
       4.85146698e+02, 7.45752502e+02, 4.80730835e+02, 5.68211487e+02,
       4.77164825e+02, 3.93872833e+02, 4.74856110e+02, 2.25460022e+02,
       4.73886902e+02, 1.62493140e+03, 1.76550671e+03, 1.44752100e+03,
       1.76103552e+03, 1.26555823e+03, 1.75417639e+03, 1.08542847e+03,
       1.74435779e+03, 9.03750793e+02, 1.73269714e+03, 7.23798706e+02,
       1.71934961e+03, 5.49122498e+02, 1.70427161e+03, 3.77233795e+02,
       1.68712451e+03, 2.11062424e+02, 1.66965564e+03, 1.63815198e+03,
       1.59239307e+03, 1.45889453e+03, 1.58657227e+03, 1.27552234e+03,
       1.57881885e+03, 1.09245435e+03, 1.56942200e+03, 9.08953308e+02,
       1.55771667e+03, 7.26978577e+02, 1.54553687e+03, 5.50734863e+02,
       1.53118848e+03, 3.76873810e+02, 1.51623059e+03, 2.09157837e+02,
