%YAML:1.0
---
calibration_time: "Sun 21 Apr 2019 05:49:32 AM BST"
nframes: 9
image_width: 2592
image_height: 1944
board_width: 9
board_height: 6
square_size: 1.
flags: 0
camera_matrix: !!opencv-matrix
   rows: 3
   cols: 3
   dt: d
   data: [ 2.0376132812486046e+03, 0., 1.5631717174613718e+03, 0.,
       2.0425187722752330e+03, 1.0094259003082896e+03, 0., 0., 1. ]
distortion_coefficients: !!opencv-matrix
   rows: 5
   cols: 1
   dt: d
   data: [ -1.7312672203559387e-01, 1.8818209408547150e-02,
       -1.0008350050440275e-03, -2.3297616847965885e-02, 0. ]
avg_reprojection_error: 4.2983772044864660e-01
per_view_reprojection_errors: !!opencv-matrix
   rows: 9
   cols: 1
   dt: f
   data: [ 4.08476084e-01, 4.44137514e-01, 4.30575758e-01,
       4.59945768e-01, 4.42917496e-01, 4.12352771e-01, 4.85507607e-01,
       3.92399788e-01, 3.81944805e-01 ]
extrinsic_parameters: !!opencv-matrix
   rows: 9
   cols: 6
   dt: d
   data: [ 5.8273748915642146e-03, -9.8977801918691162e-03,
       1.8945677687299881e-02, -1.0363211587034183e+01,
       -5.2687238795604623e+00, 1.4478358395127087e+01,
       4.1860681297357094e-03, -1.3665196462202413e-02,
       2.0349782721138895e-02, -7.7620292769250341e+00,
       -3.8595181071741331e+00, 1.4503176752548208e+01,
       5.0485987476081799e-03, -1.4121765233037684e-02,
       2.0548485875458308e-02, -7.7795161401436683e+00,
       -3.0155403067257494e+00, 1.4508563927490512e+01,
       7.6680292511766002e-03, -1.3974690643748573e-02,
       1.7966282831263405e-02, -7.1129194697873874e+00,
       6.6238554865613963e-01, 1.4544116222425725e+01,
       7.6386211000426148e-03, -1.4644075305355759e-02,
       1.7879818344662686e-02, -7.0917934433292027e+00,
       -3.0696461833737271e-01, 1.4534128313146482e+01,
       5.7203301244880623e-03, -1.1168905121239430e-02,
       1.9177082984459633e-02, -1.0469231478615438e+01,
       -3.6911648564266120e-01, 1.4522967560886960e+01,
       5.4234888023868017e-03, -1.1316295373430499e-02,
       1.8993224906233043e-02, -1.0490994160445668e+01,
       6.5854426029003288e-01, 1.4532217804920570e+01,
       5.4205280190016952e-03, -1.0329210232473712e-02,
       1.9087649516368765e-02, -1.0427098504463407e+01,
       -2.3353795742086731e+00, 1.4506174734806798e+01,
       5.6032765515842643e-03, -1.0004919192618053e-02,
       1.8882055382228188e-02, -1.0388239007695718e+01,
       -4.0865180190493238e+00, 1.4490852952271670e+01 ]
image_points: !!opencv-matrix
   rows: 9
   cols: 54
   dt: "2f"
   data: [ 1.75912155e+02, 3.16496704e+02, 2.97324646e+02,
       3.11226807e+02, 4.23027710e+02, 3.07415558e+02, 5.51713135e+02,
       3.03914520e+02, 6.83446228e+02, 3.01628174e+02, 8.18411255e+02,
       3.00453033e+02, 9.55084656e+02, 3.00396881e+02, 1.09219666e+03,
       3.01345825e+02, 1.23006714e+03, 3.03558075e+02, 1.66375183e+02,
       4.43930206e+02, 2.88611938e+02, 4.40691132e+02, 4.14497803e+02,
       4.37560608e+02, 5.44728821e+02, 4.35590179e+02, 6.77128479e+02,
       4.34087189e+02, 8.13161865e+02, 4.33801178e+02, 9.50367676e+02,
       4.34254150e+02, 1.08854065e+03, 4.35148773e+02, 1.22742737e+03,
       4.37366150e+02, 1.59196487e+02, 5.74273804e+02, 2.80691528e+02,
       5.72046326e+02, 4.08004639e+02, 5.70448181e+02, 5.38234619e+02,
       5.69655701e+02, 6.71681396e+02, 5.68929993e+02, 8.08098083e+02,
       5.69160645e+02, 9.46175720e+02, 5.70327759e+02, 1.08451929e+03,
       5.71553955e+02, 1.22471265e+03, 5.73922119e+02, 1.52593918e+02,
       7.05821777e+02, 2.75417938e+02, 7.05311035e+02, 4.02071716e+02,
       7.04810242e+02, 5.33191040e+02, 7.04790222e+02, 6.67158081e+02,
       7.05361755e+02, 8.03533264e+02, 7.06782776e+02, 9.42396423e+02,
       7.08315063e+02, 1.08200940e+03, 7.10204590e+02, 1.22173743e+03,
       7.12492126e+02, 1.48003098e+02, 8.39163025e+02, 2.70771210e+02,
       8.39646912e+02, 3.98150665e+02, 8.40854309e+02, 5.28977173e+02,
       8.42003540e+02, 6.63345764e+02, 8.43517273e+02, 8.00349243e+02,
       8.45424011e+02, 9.39408081e+02, 8.47481873e+02, 1.07858508e+03,
       8.49741577e+02, 1.21920044e+03, 8.52293823e+02, 1.45299103e+02,
       9.72267395e+02, 2.67729065e+02, 9.74749390e+02, 3.95492889e+02,
       9.77215393e+02, 5.26589233e+02, 9.79717163e+02, 6.60271912e+02,
       9.82192505e+02, 7.97852112e+02, 9.85216003e+02, 9.36599792e+02,
       9.87542664e+02, 1.07629907e+03, 9.90469177e+02, 1.21645410e+03,
       9.92687866e+02, 4.93185944e+02, 4.84149200e+02, 6.24728088e+02,
       4.82964691e+02, 7.59734314e+02, 4.82706848e+02, 8.96787231e+02,
       4.83131836e+02, 1.03547656e+03, 4.84386322e+02, 1.17550061e+03,
       4.86532379e+02, 1.31547998e+03, 4.89538177e+02, 1.45428223e+03,
       4.93506134e+02, 1.59205469e+03, 4.98192474e+02, 4.86661163e+02,
       6.17859680e+02, 6.19097107e+02, 6.18236938e+02, 7.54097229e+02,
       6.18574890e+02, 8.92401184e+02, 6.19933411e+02, 1.03132922e+03,
       6.21511108e+02, 1.17239819e+03, 6.24134277e+02, 1.31294580e+03,
       6.26982849e+02, 1.45237683e+03, 6.30453918e+02, 1.59111462e+03,
       6.34700256e+02, 4.81812347e+02, 7.53783997e+02, 6.13718994e+02,
       7.54732910e+02, 7.49938293e+02, 7.56287537e+02, 8.88308655e+02,
       7.58384277e+02, 1.02799683e+03, 7.60186218e+02, 1.16914331e+03,
       7.62966003e+02, 1.31048108e+03, 7.66039001e+02, 1.44995190e+03,
       7.69071838e+02, 1.58933789e+03, 7.72875488e+02, 4.77592499e+02,
       8.90422180e+02, 6.10532593e+02, 8.92665833e+02, 7.46243835e+02,
       8.95057373e+02, 8.85029602e+02, 8.97418091e+02, 1.02484277e+03,
       8.99820190e+02, 1.16583911e+03, 9.02937683e+02, 1.30748657e+03,
       9.05853271e+02, 1.44785791e+03, 9.08930664e+02, 1.58683167e+03,
       9.12164673e+02, 4.74781708e+02, 1.02794189e+03, 6.07721375e+02,
       1.03106531e+03, 7.43610535e+02, 1.03434277e+03, 8.82058777e+02,
       1.03732593e+03, 1.02220386e+03, 1.04010681e+03, 1.16357422e+03,
       1.04326611e+03, 1.30456348e+03, 1.04605322e+03, 1.44467700e+03,
       1.04898682e+03, 1.58401294e+03, 1.05163452e+03, 4.73991028e+02,
       1.16467004e+03, 6.06257812e+02, 1.16906836e+03, 7.42026062e+02,
       1.17284058e+03, 8.80275940e+02, 1.17653711e+03, 1.01970215e+03,
       1.18007764e+03, 1.16073376e+03, 1.18350476e+03, 1.30180493e+03,
       1.18630518e+03, 1.44189075e+03, 1.18873071e+03, 1.58044263e+03,
       1.19068115e+03, 4.88035919e+02, 5.97271606e+02, 6.19996521e+02,
       5.97151917e+02, 7.55437622e+02, 5.97665344e+02, 8.92957642e+02,
       5.98571594e+02, 1.03219360e+03, 6.00002197e+02, 1.17271191e+03,
       6.02640869e+02, 1.31337134e+03, 6.05489258e+02, 1.45269116e+03,
       6.09295898e+02, 1.59107739e+03, 6.13544678e+02, 4.82451477e+02,
       7.32598816e+02, 6.14941833e+02, 7.33669617e+02, 7.50459473e+02,
       7.34877869e+02, 8.89196960e+02, 7.36825378e+02, 1.02853076e+03,
       7.38634949e+02, 1.16959143e+03, 7.41558594e+02, 1.31055798e+03,
       7.44576660e+02, 1.45055566e+03, 7.47661804e+02, 1.58963098e+03,
       7.51461426e+02, 4.78692749e+02, 8.69363342e+02, 6.10765930e+02,
       8.71479126e+02, 7.46943237e+02, 8.73447449e+02, 8.85442932e+02,
       8.76152222e+02, 1.02538489e+03, 8.78288696e+02, 1.16660181e+03,
       8.81193604e+02, 1.30826050e+03, 8.84359558e+02, 1.44769702e+03,
       8.87177734e+02, 1.58751880e+03, 8.90757874e+02, 4.75532867e+02,
       1.00632709e+03, 6.08390320e+02, 1.00957788e+03, 7.43975708e+02,
       1.01248169e+03, 8.82772644e+02, 1.01549597e+03, 1.02278693e+03,
       1.01837231e+03, 1.16356824e+03, 1.02165961e+03, 1.30508447e+03,
       1.02450671e+03, 1.44550635e+03, 1.02752417e+03, 1.58453479e+03,
       1.03004944e+03, 4.73733734e+02, 1.14360681e+03, 6.06434448e+02,
       1.14764429e+03, 7.42295288e+02, 1.15151318e+03, 8.80493835e+02,
       1.15501697e+03, 1.02028735e+03, 1.15812012e+03, 1.16134167e+03,
       1.16151807e+03, 1.30219849e+03, 1.16425745e+03, 1.44212000e+03,
       1.16682556e+03, 1.58124707e+03, 1.16935596e+03, 4.73966522e+02,
