<?xml version="1.0"?>
<opencv_storage>
<calibration_time>"Sun Apr 21 07:13:18 2019"</calibration_time>
<nFrames>3</nFrames>
<flags>0</flags>
<camera_matrix type_id="opencv-matrix">
  <rows>3</rows>
  <cols>3</cols>
  <dt>d</dt>
  <data>
    -1.8603697610209968e+07 -1.4653201927241721e+05
    1.2534174689150652e+03 0. -1.9866733142651234e+07
    8.2780892133119585e+02 0. 0. 1.</data></camera_matrix>
<distortion_coefficients type_id="opencv-matrix">
  <rows>1</rows>
  <cols>4</cols>
  <dt>d</dt>
  <data>
    1.3957608644120499e+07 2.4511494789395619e+07 4.2065022872023517e+04
    7.9353918383622340e+03</data></distortion_coefficients>
<xi>1.0946041845721638e+05</xi>
<used_imgs>
  cap2-1.jpg cap2-4.jpg cap2-5.jpg</used_imgs>
<extrinsic_parameters type_id="opencv-matrix">
  <rows>3</rows>
  <cols>6</cols>
  <dt>d</dt>
  <data>
    -1.6126071326083440e+00 2.6441231870204684e-01
    -7.4767142833771741e-02 -5.2581763249727906e+00
    -1.1020813470365343e+00 1.4518023200174063e+01
    7.4081772162558890e+00 -2.6140334580468729e+00
    -3.3461647542680828e-01 -3.5749781268821712e+00
    5.5677870066768227e+00 -2.9465578721380714e+00
    4.7285828067006310e+00 -1.8922227489051033e+00
    -2.3542635687559790e-01 -4.1625090540961196e+00
    3.4773113948679408e+00 -3.7181834199606789e-01</data></extrinsic_parameters>
<rms>8.5215706237394238e+02</rms>
<image_points type_id="opencv-matrix">
  <rows>9</rows>
  <cols>54</cols>
  <dt>"2d"</dt>
  <data>
    1.7694465637207031e+02 3.1587704467773438e+02 2.9748831176757812e+02
    3.1172299194335938e+02 4.2264688110351562e+02 3.0709146118164062e+02
    5.5095562744140625e+02 3.0417047119140625e+02 6.8216552734375000e+02
    3.0208779907226562e+02 8.1872412109375000e+02 3.0184823608398438e+02
    9.5451068115234375e+02 3.0148822021484375e+02 1.0927491455078125e+03
    3.0169250488281250e+02 1.2309769287109375e+03 3.0343478393554688e+02
    1.6667790222167969e+02 4.4432098388671875e+02 288.
    4.4050000000000000e+02 4.1496008300781250e+02 4.3788409423828125e+02
    5.4595007324218750e+02 4.3487570190429688e+02 6.7801599121093750e+02
    4.3461770629882812e+02 8.1308825683593750e+02 4.3371142578125000e+02
    9.5102380371093750e+02 4.3438497924804688e+02 1.0890849609375000e+03
    4.3449411010742188e+02 1.2272713623046875e+03 4.3735046386718750e+02
    1.5892495727539062e+02 5.7374450683593750e+02 2.8166375732421875e+02
    5.7179730224609375e+02 4.0864797973632812e+02 5.6991705322265625e+02
    5.3938696289062500e+02 5.7022796630859375e+02 6.7189624023437500e+02
    5.6917456054687500e+02 8.0750000000000000e+02 5.6950000000000000e+02
    9.4628399658203125e+02 5.7082763671875000e+02 1.0848193359375000e+03
    5.7194244384765625e+02 1.2243746337890625e+03 5.7452380371093750e+02
    1.5296504211425781e+02 7.0601904296875000e+02 2.7458734130859375e+02
    7.0557275390625000e+02 4.0205789184570312e+02 7.0480999755859375e+02
    5.3228582763671875e+02 7.0567944335937500e+02 6.6810943603515625e+02
    7.0590386962890625e+02 8.0319628906250000e+02 7.0709155273437500e+02
    9.4275091552734375e+02 7.0834417724609375e+02 1.0828044433593750e+03
    7.1053167724609375e+02 1.2213172607421875e+03 7.1243505859375000e+02
    1.4750000000000000e+02 8.3850000000000000e+02 2.7100238037109375e+02
    8.4001470947265625e+02 3.9773565673828125e+02 8.4159606933593750e+02
    5.2874987792968750e+02 8.4158032226562500e+02 6.6309539794921875e+02
    8.4387677001953125e+02 800. 8.4550000000000000e+02
    9.3964526367187500e+02 8.4731066894531250e+02 1.0798476562500000e+03
    8.4931280517578125e+02 1.2197453613281250e+03 8.5263537597656250e+02
    1.4590411376953125e+02 9.7275823974609375e+02 2.6829736328125000e+02
    9.7465093994140625e+02 3.9676315307617188e+02 9.7742510986328125e+02
    5.2611590576171875e+02 9.8031903076171875e+02 6.6032904052734375e+02
    9.8257379150390625e+02 7.9747729492187500e+02 9.8506420898437500e+02
    9.3637145996093750e+02 9.8660772705078125e+02 1.0768775634765625e+03
    9.9068774414062500e+02 1.2177943115234375e+03 9.9214788818359375e+02
    4.9227880859375000e+02 4.8545089721679688e+02 6.2502349853515625e+02
    4.8321365356445312e+02 7.5958148193359375e+02 4.8265985107421875e+02
    8.9687042236328125e+02 4.8317544555664062e+02 1.0361154785156250e+03
    4.8473852539062500e+02 1.1755000000000000e+03 4.8650000000000000e+02
    1.3158530273437500e+03 4.9064556884765625e+02 1.4540855712890625e+03
    4.9384957885742188e+02 1.5929466552734375e+03 4.9880145263671875e+02
    4.8650000000000000e+02 6.1750000000000000e+02 6.1938665771484375e+02
    6.1829595947265625e+02 7.5441284179687500e+02 6.1913897705078125e+02
    8.9242346191406250e+02 6.2008001708984375e+02 1.0315000000000000e+03
    6.2150000000000000e+02 1.1725614013671875e+03 6.2476751708984375e+02
    1.3134348144531250e+03 6.2632067871093750e+02 1.4533596191406250e+03
    6.3129785156250000e+02 1.5918889160156250e+03 6.3411846923828125e+02
    4.8135522460937500e+02 7.5457019042968750e+02 6.1352465820312500e+02
    7.5445898437500000e+02 7.4942559814453125e+02 7.5610302734375000e+02
    8.8757025146484375e+02 7.5851348876953125e+02 1.0286231689453125e+03
    7.6083996582031250e+02 1.1693310546875000e+03 7.6307672119140625e+02
    1.3104411621093750e+03 7.6594342041015625e+02 1.4494255371093750e+03
    7.6972723388671875e+02 1.5889227294921875e+03 7.7240582275390625e+02
    4.7796057128906250e+02 8.9069281005859375e+02 6.1027520751953125e+02
    8.9357958984375000e+02 7.4500457763671875e+02 8.9527209472656250e+02
    8.8535516357421875e+02 8.9803796386718750e+02 1.0259715576171875e+03
    8.9923071289062500e+02 1.1660187988281250e+03 9.0289385986328125e+02
    1.3084675292968750e+03 9.0472064208984375e+02 1.4485882568359375e+03
    9.0934796142578125e+02 1.5862396240234375e+03 9.1251635742187500e+02
    4.7450000000000000e+02 1028. 6.0778131103515625e+02
    1.0300300292968750e+03 7.4346667480468750e+02 1.0346956787109375e+03
    8.8205920410156250e+02 1.0377214355468750e+03 1.0225820312500000e+03
    1.0406455078125000e+03 1.1630847167968750e+03 1.0434593505859375e+03
    1.3038216552734375e+03 1.0452667236328125e+03 1.4462108154296875e+03
    1.0476263427734375e+03 1.5840444335937500e+03 1.0514389648437500e+03
    4.7465798950195312e+02 1.1650877685546875e+03 6.0678070068359375e+02
    1.1686298828125000e+03 7.4219909667968750e+02 1.1733016357421875e+03
    8.7984613037109375e+02 1.1765654296875000e+03 1.0193955078125000e+03
    1.1799882812500000e+03 1.1605111083984375e+03 1.1833701171875000e+03
    1.3019467773437500e+03 1.1855327148437500e+03 1.4423647460937500e+03
    1.1888002929687500e+03 1.5816673583984375e+03 1.1901097412109375e+03
    4.8750000000000000e+02 597. 6.2033300781250000e+02
    5.9681188964843750e+02 7.5494055175781250e+02 5.9768658447265625e+02
    8.9300793457031250e+02 5.9923974609375000e+02 1.0324832763671875e+03
    6.0050231933593750e+02 1.1727121582031250e+03 6.0384948730468750e+02
    1.3140383300781250e+03 6.0663226318359375e+02 1.4524799804687500e+03
    6.0961956787109375e+02 1.5917547607421875e+03 6.1428613281250000e+02
    4.8349456787109375e+02 7.3293927001953125e+02 6.1515106201171875e+02
    7.3460369873046875e+02 7.5018933105468750e+02 7.3667303466796875e+02
    8.8957086181640625e+02 7.3729870605468750e+02 1.0299123535156250e+03
    7.3859393310546875e+02 1.1701278076171875e+03 7.4206243896484375e+02
    1.3104935302734375e+03 7.4444451904296875e+02 1.4509295654296875e+03
    7.4798858642578125e+02 1.5894555664062500e+03 7.5164068603515625e+02
    4.7730331420898438e+02 8.6967962646484375e+02 6.1267260742187500e+02
    8.7156237792968750e+02 7.4737524414062500e+02 8.7360601806640625e+02
    8.8511212158203125e+02 8.7646484375000000e+02 1.0257939453125000e+03
    8.7837414550781250e+02 1.1662340087890625e+03 8.8158532714843750e+02
    1.3088868408203125e+03 8.8462615966796875e+02 1.4477950439453125e+03
    8.8721069335937500e+02 1.5875406494140625e+03 8.9053234863281250e+02
