<?xml version="1.0"?>
<opencv_storage>
<calibration_time>"Sun Apr 21 06:40:34 2019"</calibration_time>
<nFrames>1</nFrames>
<flags>0</flags>
<camera_matrix type_id="opencv-matrix">
  <rows>3</rows>
  <cols>3</cols>
  <dt>d</dt>
  <data>
    5.0738333995459789e+03 -1.0149536346786593e+02
    6.4563998137245835e+02 0. 5.2579717971515820e+03
    7.6504946812654907e+02 0. 0. 1.</data></camera_matrix>
<distortion_coefficients type_id="opencv-matrix">
  <rows>1</rows>
  <cols>4</cols>
  <dt>d</dt>
  <data>
    4.7462279212157812e+00 2.5401653863530154e+01 5.8187878802842104e-02
    1.5280813924905093e-01</data></distortion_coefficients>
<xi>2.9377563581720421e+00</xi>
<used_imgs>
  cap3-3.jpg</used_imgs>
<extrinsic_parameters type_id="opencv-matrix">
  <rows>1</rows>
  <cols>6</cols>
  <dt>d</dt>
  <data>
    9.0794939300837003e-03 -8.5706276276044796e-03
    2.3682039884360590e-02 -3.5947408921089288e+00
    -2.9248001125958334e+00 9.5463607352429989e+00</data></extrinsic_parameters>
<rms>8.8247079251359950e-01</rms>
<image_points type_id="opencv-matrix">
  <rows>14</rows>
  <cols>54</cols>
  <dt>"2d"</dt>
  <data>
    9.5664202880859375e+02 6.5724029541015625e+02 1.0967226562500000e+03
    6.6093817138671875e+02 1.2366848144531250e+03 6.6589898681640625e+02
    1.3773067626953125e+03 6.7104290771484375e+02 1.5158919677734375e+03
    6.7701080322265625e+02 1.6532755126953125e+03 6.8251446533203125e+02
    9.5204150390625000e+02 7.9697210693359375e+02 1.0920511474609375e+03
    8.0178015136718750e+02 1.2313034667968750e+03 8.0687792968750000e+02
    1.3727675781250000e+03 8.1225085449218750e+02 1.5109592285156250e+03
    8.1645458984375000e+02 1.6493553466796875e+03 8.2184210205078125e+02
    9.4710644531250000e+02 9.3873602294921875e+02 1.0865755615234375e+03
    9.4236993408203125e+02 1.2266937255859375e+03 9.4795709228515625e+02
    1.3675096435546875e+03 9.5258154296875000e+02 1.5069943847656250e+03
    9.5775939941406250e+02 1.6447514648437500e+03 9.6172094726562500e+02
    9.4368133544921875e+02 1.0796959228515625e+03 1.0813155517578125e+03
    1.0842573242187500e+03 1.2212426757812500e+03 1.0898619384765625e+03
    1.3615075683593750e+03 1.0934963378906250e+03 1.5013659667968750e+03
    1.0987878417968750e+03 1.6396247558593750e+03 1.1022744140625000e+03
    9.3820989990234375e+02 1.2189400634765625e+03 1.0773000488281250e+03
    1.2246796875000000e+03 1.2171829833984375e+03 1.2300433349609375e+03
    1.3567646484375000e+03 1.2339729003906250e+03 1.4961529541015625e+03
    1.2386372070312500e+03 1.6336043701171875e+03 1.2424644775390625e+03
    9.3427740478515625e+02 1.3585656738281250e+03 1.0725938720703125e+03
    1.3646561279296875e+03 1.2119549560546875e+03 1.3695745849609375e+03
    1.3518345947265625e+03 1.3739689941406250e+03 1.4900986328125000e+03
    1.3788723144531250e+03 1.6274597167968750e+03 1.3809901123046875e+03
    9.3137133789062500e+02 1.4962314453125000e+03 1.0698092041015625e+03
    1.5027189941406250e+03 1.2075029296875000e+03 1.5077191162109375e+03
    1.3464439697265625e+03 1.5114877929687500e+03 1.4844307861328125e+03
    1.5146472167968750e+03 1.6213227539062500e+03 1.5180114746093750e+03
    9.2974243164062500e+02 1.6308385009765625e+03 1.0655382080078125e+03
    1.6366691894531250e+03 1.2035000000000000e+03 1.6425000000000000e+03
    1.3415523681640625e+03 1.6460541992187500e+03 1.4789926757812500e+03
    1.6498527832031250e+03 1.6135830078125000e+03 1.6507062988281250e+03
    9.2658648681640625e+02 1.7619860839843750e+03 1.0622945556640625e+03
    1.7689523925781250e+03 1.1995300292968750e+03 1.7735927734375000e+03
    1.3364315185546875e+03 1.7788461914062500e+03 1.4717816162109375e+03
    1.7805273437500000e+03 1.6071986083984375e+03 1.7824468994140625e+03
    9.6496795654296875e+02 4.3969384765625000e+02 1.1032510986328125e+03
    4.4280221557617188e+02 1.2416116943359375e+03 4.4737426757812500e+02
    1.3808354492187500e+03 4.5233532714843750e+02 1.5186727294921875e+03
    4.5930563354492188e+02 1.6554130859375000e+03 4.6566729736328125e+02
    9.5855584716796875e+02 5.7660363769531250e+02 1.0977017822265625e+03
    5.8101892089843750e+02 1.2370266113281250e+03 5.8455731201171875e+02
    1.3765157470703125e+03 5.8951177978515625e+02 1.5145617675781250e+03
    5.9621789550781250e+02 1.6525301513671875e+03 6.0241308593750000e+02
    9.5259863281250000e+02 7.1674420166015625e+02 1.0916800537109375e+03
    7.2037774658203125e+02 1.2316588134765625e+03 7.2525079345703125e+02
    1.3719099121093750e+03 7.3002362060546875e+02 1.5105679931640625e+03
    7.3539910888671875e+02 1.6487384033203125e+03 7.4059179687500000e+02
    9.4697723388671875e+02 8.5653210449218750e+02 1.0866358642578125e+03
    8.6171075439453125e+02 1.2266639404296875e+03 8.6670690917968750e+02
    1.3664318847656250e+03 8.7046002197265625e+02 1.5061169433593750e+03
    8.7663531494140625e+02 1.6445450439453125e+03 8.8157708740234375e+02
    9.4262915039062500e+02 9.9767608642578125e+02 1.0815234375000000e+03
    1.0024724121093750e+03 1.2222764892578125e+03 1.0087666625976562e+03
    1.3619947509765625e+03 1.0122825317382812e+03 1.5016446533203125e+03
    1.0171046142578125e+03 1.6400270996093750e+03 1.0216538696289062e+03
    9.3751074218750000e+02 1.1391846923828125e+03 1.0765211181640625e+03
    1.1442581787109375e+03 1.2167407226562500e+03 1.1492679443359375e+03
    1.3570791015625000e+03 1.1535194091796875e+03 1.4964831542968750e+03
    1.1586945800781250e+03 1.6344683837890625e+03 1.1619880371093750e+03
    9.3353094482421875e+02 1.2791737060546875e+03 1.0729172363281250e+03
    1.2841259765625000e+03 1.2117369384765625e+03 1.2897169189453125e+03
    1.3524545898437500e+03 1.2936730957031250e+03 1.4910239257812500e+03
    1.2975079345703125e+03 1.6293421630859375e+03 1.3013382568359375e+03
    9.2994323730468750e+02 1.4169555664062500e+03 1.0687752685546875e+03
    1.4235764160156250e+03 1.2073350830078125e+03 1.4282991943359375e+03
    1.3468750000000000e+03 1.4321794433593750e+03 1.4854996337890625e+03
    1.4354949951171875e+03 1.6225600585937500e+03 1.4381945800781250e+03
    9.2763311767578125e+02 1.5537457275390625e+03 1.0645791015625000e+03
    1.5595169677734375e+03 1.2025543212890625e+03 1.5635992431640625e+03
    1.3417374267578125e+03 1.5688120117187500e+03 1.4795187988281250e+03
    1.5718699951171875e+03 1.6153182373046875e+03 1.5739162597656250e+03
    7.6517547607421875e+02 4.3984036254882812e+02 9.0154772949218750e+02
    4.4367156982421875e+02 1.0382766113281250e+03 4.4559411621093750e+02
    1178. 4.4850000000000000e+02 1.3166728515625000e+03
    4.5494049072265625e+02 1.4553983154296875e+03 4.5980413818359375e+02
    7.5805371093750000e+02 5.7741516113281250e+02 8.9536901855468750e+02
    5.7840142822265625e+02 1.0330754394531250e+03 5.8236206054687500e+02
    1.1719802246093750e+03 5.8648828125000000e+02 1.3118201904296875e+03
    5.9142346191406250e+02 1.4510614013671875e+03 5.9706085205078125e+02
    7.5130206298828125e+02 7.1558996582031250e+02 8.8936975097656250e+02
    7.1999273681640625e+02 1.0271656494140625e+03 7.2368444824218750e+02
    1.1675175781250000e+03 7.2667517089843750e+02 1.3071263427734375e+03
    7.3169635009765625e+02 1.4465909423828125e+03 7.3637945556640625e+02
    7.4787298583984375e+02 8.5506677246093750e+02 8.8343109130859375e+02
    8.5862866210937500e+02 1.0222892456054688e+03 8.6368109130859375e+02
    1.1614886474609375e+03 8.6761944580078125e+02 1.3021759033203125e+03
    8.7317321777343750e+02 1.4425764160156250e+03 8.7772015380859375e+02
    7.4069531250000000e+02 9.9476324462890625e+02 8.7792523193359375e+02
    9.9905859375000000e+02 1.0169051513671875e+03 1.0044786376953125e+03
    1.1574132080078125e+03 1.0095303344726562e+03 1.2975061035156250e+03
    1.0139564819335938e+03 1.4374399414062500e+03 1.0185090942382812e+03
    7.3721276855468750e+02 1.1367270507812500e+03 8.7390484619140625e+02
    1.1406798095703125e+03 1.0125380249023438e+03 1.1456384277343750e+03
