%YAML:1.0
---
calibration_time: "Sun 21 Apr 2019 10:27:21 PM PDT"
nframes: 14
image_width: 2592
image_height: 1944
board_width: 6
board_height: 9
square_size: 1.
flags: 0
camera_matrix: !!opencv-matrix
   rows: 3
   cols: 3
   dt: d
   data: [ 1.9204285049867231e+03, 0., 1.3955406930743777e+03, 0.,
       1.9385875572038747e+03, 9.0519462456986162e+02, 0., 0., 1. ]
distortion_coefficients: !!opencv-matrix
   rows: 5
   cols: 1
   dt: d
   data: [ -1.5299992637526913e-01, 2.7072857077823639e-02,
       4.9493609721482680e-03, -9.8705388619365723e-03, 0. ]
avg_reprojection_error: 4.1758318599720801e-01
per_view_reprojection_errors: !!opencv-matrix
   rows: 14
   cols: 1
   dt: f
   data: [ 3.48926634e-01, 3.66471589e-01, 3.53287339e-01,
       3.57607782e-01, 3.71704847e-01, 5.57595193e-01, 5.68924904e-01,
       5.05019188e-01, 4.66901392e-01, 4.52245057e-01, 3.74481678e-01,
       3.31095189e-01, 3.24015886e-01, 3.56857687e-01 ]
extrinsic_parameters: !!opencv-matrix
   rows: 14
   cols: 6
   dt: d
   data: [ 2.3694162570022034e-03, -8.4882413530630273e-03,
       3.4646545215984328e-02, -3.1322162983320929e+00,
       -1.7680676718851249e+00, 1.3682380847476789e+01,
       1.9815174933761888e-03, -1.0576661666176679e-02,
       3.4545546370636539e-02, -3.0982652775345820e+00,
       -3.3437595670119080e+00, 1.3676907084516058e+01,
       2.0478148107159560e-03, -1.0021975547397970e-02,
       3.4336407918251786e-02, -4.5581609652914583e+00,
       -3.3659042252613451e+00, 1.3665206767481562e+01,
       2.5592089430795254e-03, -8.3883120720472729e-03,
       3.4222303980324886e-02, -5.5365185290226870e+00,
       -3.3812499787387313e+00, 1.3661290713892464e+01,
       3.9157862033048245e-03, -7.5619937290009919e-03,
       1.1301232187132323e-02, -6.7636189788059582e+00,
       -3.1442100071329140e+00, 1.3643871971013473e+01,
       4.8467502360673620e-04, -5.0429069302444082e-03,
       3.4706033629849031e-02, -8.5146783443517293e+00,
       -5.7506607755512400e+00, 1.3659039957073903e+01,
       3.6347672218885521e-04, -4.2002145955711036e-03,
       3.4595684041363338e-02, -8.9365807863796523e+00,
       -5.7558642893250704e+00, 1.3657381586627670e+01,
       1.9307751602893834e-03, -3.0775708392893298e-03,
       3.4040932765306092e-02, -8.9710846533919320e+00,
       -3.9787342735060056e+00, 1.3654081159862297e+01,
       3.4467637001324917e-03, -1.9569338073237704e-03,
       3.3963255434527946e-02, -9.0021842843835653e+00,
       -2.4127535260230051e+00, 1.3653463203888634e+01,
       4.2410939015799154e-03, -1.5363300533808237e-03,
       3.4125304427714491e-02, -9.0185198316038413e+00,
       -1.6841609983231829e+00, 1.3654061539574828e+01,
       3.8454101053321250e-03, -4.1332768835034379e-03,
       3.4544615520583632e-02, -7.4479627354443458e+00,
       -1.6602236335821743e+00, 1.3656057052106625e+01,
       3.5582792312038370e-03, -6.2574525825487429e-03,
       3.4557000991849579e-02, -5.7938422979695670e+00,
       -1.6305334992781813e+00, 1.3661530626229204e+01,
       3.0881480496133371e-03, -7.7567222011845982e-03,
       3.4640710108673207e-02, -4.7033603721432931e+00,
       -1.7959485246160722e+00, 1.3667538807465359e+01,
       2.6031724598209161e-03, -8.7250376185548650e-03,
       3.4568881178211393e-02, -3.5274313211357073e+00,
       -1.7739433902830515e+00, 1.3676995477648047e+01 ]
image_points: !!opencv-matrix
   rows: 14
   cols: 54
   dt: "2f"
   data: [ 9.57631409e+02, 6.57573120e+02, 1.09681177e+03,
       6.60736084e+02, 1.23688562e+03, 6.65728455e+02, 1.37650818e+03,
       6.71148376e+02, 1.51545166e+03, 6.76713318e+02, 1.65334070e+03,
       6.82684509e+02, 9.51967651e+02, 7.96815491e+02, 1.09128772e+03,
       8.01491150e+02, 1.23180371e+03, 8.06177917e+02, 1.37202734e+03,
       8.10840393e+02, 1.51150183e+03, 8.16377930e+02, 1.64933276e+03,
       8.21910034e+02, 9.46848022e+02, 9.38125000e+02, 1.08631702e+03,
       9.42501709e+02, 1.22655054e+03, 9.47629578e+02, 1.36737817e+03,
       9.52298157e+02, 1.50662073e+03, 9.57286804e+02, 1.64475500e+03,
       9.62360229e+02, 9.42342102e+02, 1.07930237e+03, 1.08156848e+03,
       1.08429492e+03, 1.22182837e+03, 1.08935461e+03, 1.36180493e+03,
       1.09356970e+03, 1.50133545e+03, 1.09850891e+03, 1.63967993e+03,
       1.10274011e+03, 9.38127258e+02, 1.21936328e+03, 1.07752576e+03,
       1.22467273e+03, 1.21705750e+03, 1.22998853e+03, 1.35697766e+03,
       1.23441162e+03, 1.49606543e+03, 1.23856006e+03, 1.63413403e+03,
       1.24224414e+03, 9.34289307e+02, 1.35878845e+03, 1.07296228e+03,
       1.36462671e+03, 1.21228650e+03, 1.36941138e+03, 1.35176538e+03,
       1.37402722e+03, 1.49024768e+03, 1.37790320e+03, 1.62771265e+03,
       1.38086353e+03, 9.31228394e+02, 1.49631982e+03, 1.06929980e+03,
       1.50206897e+03, 1.20754651e+03, 1.50736487e+03, 1.34639807e+03,
       1.51160095e+03, 1.48417761e+03, 1.51479993e+03, 1.62126831e+03,
       1.51731494e+03, 9.28595764e+02, 1.63063208e+03, 1.06553223e+03,
       1.63671326e+03, 1.20330969e+03, 1.64216882e+03, 1.34121362e+03,
       1.64613074e+03, 1.47851660e+03, 1.64902234e+03, 1.61373035e+03,
       1.65064868e+03, 9.26490906e+02, 1.76221265e+03, 1.06259485e+03,
       1.76893994e+03, 1.19888477e+03, 1.77414917e+03, 1.33592566e+03,
       1.77789038e+03, 1.47176868e+03, 1.78037866e+03, 1.60657300e+03,
       1.78132275e+03, 9.64786377e+02, 4.39688934e+02, 1.10285083e+03,
       4.42538635e+02, 1.24179187e+03, 4.47342224e+02, 1.38036658e+03,
       4.52707153e+02, 1.51855933e+03, 4.58885651e+02, 1.65524597e+03,
       4.65789246e+02, 9.58291260e+02, 5.76545410e+02, 1.09692102e+03,
       5.80591858e+02, 1.23682678e+03, 5.84768250e+02, 1.37639966e+03,
       5.89689270e+02, 1.51511487e+03, 5.96153503e+02, 1.65246960e+03,
       6.02512634e+02, 9.52390015e+02, 7.16374695e+02, 1.09134692e+03,
       7.20309814e+02, 1.23160864e+03, 7.25096924e+02, 1.37197107e+03,
       7.29857544e+02, 1.51097791e+03, 7.35371094e+02, 1.64874902e+03,
       7.41144897e+02, 9.46834412e+02, 8.56887756e+02, 1.08647498e+03,
       8.61477478e+02, 1.22671167e+03, 8.66308838e+02, 1.36685400e+03,
       8.70768005e+02, 1.50618481e+03, 8.76330078e+02, 1.64461353e+03,
       8.81527344e+02, 9.42023987e+02, 9.97821777e+02, 1.08175317e+03,
       1.00258948e+03, 1.22179504e+03, 1.00777258e+03, 1.36223083e+03,
       1.01238306e+03, 1.50163586e+03, 1.01688184e+03, 1.64022290e+03,
       1.02155792e+03, 9.37385803e+02, 1.13894250e+03, 1.07674719e+03,
       1.14427466e+03, 1.21697803e+03, 1.14874866e+03, 1.35716443e+03,
       1.15365271e+03, 1.49655042e+03, 1.15800305e+03, 1.63474060e+03,
       1.16188367e+03, 9.33338989e+02, 1.27905701e+03, 1.07252124e+03,
       1.28435181e+03, 1.21182080e+03, 1.28948535e+03, 1.35212915e+03,
       1.29382751e+03, 1.49092517e+03, 1.29773706e+03, 1.62896606e+03,
       1.30119238e+03, 9.29780701e+02, 1.41685327e+03, 1.06842603e+03,
       1.42277515e+03, 1.20743555e+03, 1.42806702e+03, 1.34681189e+03,
       1.43193652e+03, 1.48561951e+03, 1.43553809e+03, 1.62253271e+03,
       1.43833948e+03, 9.26988464e+02, 1.55305676e+03, 1.06463635e+03,
       1.55927380e+03, 1.20297058e+03, 1.56445715e+03, 1.34170215e+03,
       1.56850879e+03, 1.47944153e+03, 1.57152551e+03, 1.61572083e+03,
       1.57333374e+03, 7.65380188e+02, 4.40132019e+02, 9.01371826e+02,
       4.41593079e+02, 1.03911084e+03, 4.44900208e+02, 1.17768201e+03,
       4.49184967e+02, 1.31659827e+03, 4.54082367e+02, 1.45514172e+03,
       4.59805908e+02, 7.58034790e+02, 5.76174744e+02, 8.94572083e+02,
       5.79163025e+02, 1.03330676e+03, 5.82469543e+02, 1.17246375e+03,
       5.86400574e+02, 1.31206409e+03, 5.91712402e+02, 1.45119373e+03,
       5.97245850e+02, 7.51640198e+02, 7.15033447e+02, 8.88559570e+02,
       7.18325562e+02, 1.02727136e+03, 7.22370422e+02, 1.16740222e+03,
       7.26513000e+02, 1.30717993e+03, 7.31406677e+02, 1.44683716e+03,
       7.36608704e+02, 7.46115417e+02, 8.54686401e+02, 8.83387634e+02,
